%time,300.0628559589386
